[DEFAULT]
direction = 1.5707963
view_upper_bound = 0.373977
view_lower_bound = 1.470795
view_left_bound = 4.71238898
view_right_bound = 1.5707963
view_distance = 40000

[camera_settings]
