[DEFAULT]
direction = 0
view_upper_bound = 0
view_lower_bound = 1.5707963267948966
view_left_bound = 0
view_right_bound = 6.283185307179586

[camera_settings]

